AL, 02, 2019070712,   , BEST,   0, 350N,  856W,  15, 1012, DB,   0,    ,    0,    0,    0,    0,    0,    0,   0,   0,   0,    ,   0,    ,   0,   0, GENESIS005,  ,  0,    ,    0,    0,    0,    0, genesis-num, 005, 
AL, 02, 2019070718,   , BEST,   0, 346N,  851W,  15, 1012, DB,   0,    ,    0,    0,    0,    0,    0,    0,   0,   0,   0,    ,   0,    ,   0,   0, GENESIS005,  ,  0,    ,    0,    0,    0,    0, genesis-num, 005, 
AL, 02, 2019070800,   , BEST,   0, 341N,  846W,  15, 1011, DB,   0,    ,    0,    0,    0,    0,    0,    0,   0,   0,   0,    ,   0,    ,   0,   0, GENESIS005,  ,  0,    ,    0,    0,    0,    0, genesis-num, 005, 
AL, 02, 2019070806,   , BEST,   0, 336N,  841W,  15, 1011, DB,   0,    ,    0,    0,    0,    0,    0,    0,   0,   0,   0,    ,   0,    ,   0,   0, GENESIS005,  ,  0,    ,    0,    0,    0,    0, genesis-num, 005, 
AL, 02, 2019070812,   , BEST,   0, 331N,  837W,  15, 1011, DB,   0,    ,    0,    0,    0,    0, 1013,  150,  80,  20,   0,   L,   0,    ,   0,   0,     INVEST, S,  0,    ,    0,    0,    0,    0, genesis-num, 005, SPAWNINVEST, al762019 to al922019, 
AL, 02, 2019070818,   , BEST,   0, 325N,  834W,  15, 1011, DB,   0,    ,    0,    0,    0,    0, 1013,  150,  80,  20,   0,   L,   0,    ,   0,   0,     INVEST, S,  0,    ,    0,    0,    0,    0, genesis-num, 005, 
AL, 02, 2019070900,   , BEST,   0, 318N,  833W,  15, 1011, DB,   0,    ,    0,    0,    0,    0, 1012,  150,  80,  20,   0,   L,   0,    ,   0,   0,     INVEST, S,  0,    ,    0,    0,    0,    0, genesis-num, 005, 
AL, 02, 2019070906,   , BEST,   0, 311N,  834W,  15, 1011, DB,   0,    ,    0,    0,    0,    0, 1013,  150,  80,   0,   0,   L,   0,    ,   0,   0,     INVEST, S,  0,    ,    0,    0,    0,    0, genesis-num, 005, 
AL, 02, 2019070912,   , BEST,   0, 304N,  837W,  20, 1011, DB,   0,    ,    0,    0,    0,    0, 1013,  150,  80,  30,   0,   L,   0,    ,   0,   0,     INVEST, S,  0,    ,    0,    0,    0,    0, genesis-num, 005, 
AL, 02, 2019070918,   , BEST,   0, 298N,  841W,  20, 1011, LO,   0,    ,    0,    0,    0,    0, 1014,  150,  80,   0,   0,   L,   0,    ,   0,   0,     INVEST, S,  0,    ,    0,    0,    0,    0, genesis-num, 005, 
AL, 02, 2019071000,   , BEST,   0, 293N,  847W,  20, 1011, LO,   0,    ,    0,    0,    0,    0, 1014,  150,  80,  30,   0,   L,   0,    ,   0,   0,     INVEST, S,  0,    ,    0,    0,    0,    0, genesis-num, 005, 
AL, 02, 2019071006,   , BEST,   0, 290N,  854W,  20, 1011, LO,   0,    ,    0,    0,    0,    0, 1014,  150,  80,  30,   0,   L,   0,    ,   0,   0,     INVEST, S,  0,    ,    0,    0,    0,    0, genesis-num, 005, 
AL, 02, 2019071012,   , BEST,   0, 286N,  862W,  25, 1011, LO,   0,    ,    0,    0,    0,    0, 1014,  180,  80,  35,   0,   L,   0,    ,   0,   0,        TWO, M,  0,    ,    0,    0,    0,    0, genesis-num, 005, TRANSITIONED, alA22019 to al022019, DISSIPATED, al022019 to al922019, TRANSITIONED, alB22019 to al022019, 
AL, 02, 2019071018,   , BEST,   0, 282N,  869W,  25, 1010, LO,   0,    ,    0,    0,    0,    0, 1014,  180,  80,  35,   0,   L,   0,    ,   0,   0,        TWO, M,  0,    ,    0,    0,    0,    0, genesis-num, 005, 
AL, 02, 2019071100,   , BEST,   0, 279N,  875W,  30, 1008, LO,   0,    ,    0,    0,    0,    0, 1013,  180,  80,  35,   0,   L,   0,    ,   0,   0,        TWO, M,  0,    ,    0,    0,    0,    0, genesis-num, 005, 
AL, 02, 2019071106,   , BEST,   0, 277N,  880W,  30, 1008, LO,   0,    ,    0,    0,    0,    0, 1013,  180,  80,  35,   0,   L,   0,    ,   0,   0,        TWO, M,  0,    ,    0,    0,    0,    0, genesis-num, 005, 
AL, 02, 2019071112,   , BEST,   0, 277N,  884W,  35, 1005, TS,  34, NEQ,    0,   80,    0,    0, 1012,  180,  80,  40,   0,   L,   0,    ,   0,   0,        TWO, M,  0,    ,    0,    0,    0,    0, genesis-num, 005, 
AL, 02, 2019071118,   , BEST,   0, 277N,  888W,  35, 1005, TS,  34, NEQ,   70,  120,    0,    0, 1013,  180,  70,  45,   0,   L,   0,    ,   0,   0,      BARRY, M,  0,    ,    0,    0,    0,    0, genesis-num, 005, 
AL, 02, 2019071200,   , BEST,   0, 278N,  892W,  40, 1001, TS,  34, NEQ,   70,  120,  120,    0, 1009,  200,  70,  50,   0,   L,   0,    ,   0,   0,      BARRY, M,  0,    ,    0,    0,    0,    0, genesis-num, 005, 
AL, 02, 2019071206,   , BEST,   0, 280N,  898W,  45, 1001, TS,  34, NEQ,   70,  150,  100,    0, 1009,  200,  70,  55,   0,   L,   0,    ,   0,   0,      BARRY, M, 12, NEQ,   90,   60,    0,    0, genesis-num, 005, 
AL, 02, 2019071212,   , BEST,   0, 282N,  903W,  50,  998, TS,  34, NEQ,   70,  150,  110,    0, 1009,  200,  70,  60,   0,   L,   0,    ,   0,   0,      BARRY, M,  0,    ,    0,    0,    0,    0, genesis-num, 005, 
AL, 02, 2019071212,   , BEST,   0, 282N,  903W,  50,  998, TS,  50, NEQ,    0,   90,    0,    0, 1009,  200,  70,  60,   0,   L,   0,    ,   0,   0,      BARRY, M,  0,    ,    0,    0,    0,    0, genesis-num, 005, 
AL, 02, 2019071218,   , BEST,   0, 284N,  907W,  55,  993, TS,  34, NEQ,   90,  150,  130,   70, 1009,  200,  60,  65,   0,   L,   0,    ,   0,   0,      BARRY, M,  0,    ,    0,    0,    0,    0, genesis-num, 005, 
AL, 02, 2019071218,   , BEST,   0, 284N,  907W,  55,  993, TS,  50, NEQ,   60,   90,    0,    0, 1009,  200,  60,  65,   0,   L,   0,    ,   0,   0,      BARRY, M,  0,    ,    0,    0,    0,    0, genesis-num, 005, 
AL, 02, 2019071300,   , BEST,   0, 286N,  911W,  55,  993, TS,  34, NEQ,   90,  150,  130,   70, 1006,  180,  60,  65,   0,   L,   0,    ,   0,   0,      BARRY, M, 12, NEQ,  210,  150,    0,    0, genesis-num, 005, 
AL, 02, 2019071300,   , BEST,   0, 286N,  911W,  55,  993, TS,  50, NEQ,   60,   90,    0,    0, 1006,  180,  60,  65,   0,   L,   0,    ,   0,   0,      BARRY, M, 12, NEQ,  210,  150,    0,    0, genesis-num, 005, 
AL, 02, 2019071306,   , BEST,   0, 289N,  915W,  55,  993, TS,  34, NEQ,   90,  150,  130,   70, 1006,  180,  60,  65,   0,   L,   0,    ,   0,   0,      BARRY, M, 12, NEQ,  240,  180,   30,   30, genesis-num, 005, 
AL, 02, 2019071306,   , BEST,   0, 289N,  915W,  55,  993, TS,  50, NEQ,   60,   90,    0,    0, 1006,  180,  60,  65,   0,   L,   0,    ,   0,   0,      BARRY, M, 12, NEQ,  240,  180,   30,   30, genesis-num, 005, 
AL, 02, 2019071312,   , BEST,   0, 293N,  919W,  65,  993, HU,  34, NEQ,   90,  150,  130,   70, 1007,  180,  40,  80,   0,   L,   0,    ,   0,   0,      BARRY, M,  0,    ,    0,    0,    0,    0, genesis-num, 005, 
AL, 02, 2019071312,   , BEST,   0, 293N,  919W,  65,  993, HU,  50, NEQ,   60,   90,    0,    0, 1007,  180,  40,  80,   0,   L,   0,    ,   0,   0,      BARRY, M,  0,    ,    0,    0,    0,    0, genesis-num, 005, 
AL, 02, 2019071312,   , BEST,   0, 293N,  919W,  65,  993, HU,  64, NEQ,   40,   40,    0,    0, 1007,  180,  40,  80,   0,   L,   0,    ,   0,   0,      BARRY, M,  0,    ,    0,    0,    0,    0, genesis-num, 005, 
AL, 02, 2019071318,   , BEST,   0, 298N,  923W,  60,  996, TS,  34, NEQ,    0,  150,  130,    0, 1009,  180,  40,  75,   0,   L,   0,    ,   0,   0,      BARRY, M, 12, NEQ,  210,  150,   90,    0, genesis-num, 005, 
AL, 02, 2019071318,   , BEST,   0, 298N,  923W,  60,  996, TS,  50, NEQ,    0,   90,    0,    0, 1009,  180,  40,  75,   0,   L,   0,    ,   0,   0,      BARRY, M, 12, NEQ,  210,  150,   90,    0, genesis-num, 005, 
AL, 02, 2019071400,   , BEST,   0, 304N,  928W,  50,  999, TS,  34, NEQ,    0,  180,    0,    0, 1007,  180,  60,  60,   0,   L,   0,    ,   0,   0,      BARRY, M, 12, NEQ,    0,  240,  120,    0, genesis-num, 005, 
AL, 02, 2019071400,   , BEST,   0, 304N,  928W,  50,  999, TS,  50, NEQ,    0,   90,    0,    0, 1007,  180,  60,  60,   0,   L,   0,    ,   0,   0,      BARRY, M, 12, NEQ,    0,  240,  120,    0, genesis-num, 005, 
AL, 02, 2019071406,   , BEST,   0, 310N,  932W,  45, 1004, TS,  34, NEQ,    0,  150,    0,    0, 1008,  180, 110,  50,   0,   L,   0,    ,   0,   0,      BARRY, M,  0,    ,    0,    0,    0,    0, genesis-num, 005, 
AL, 02, 2019071412,   , BEST,   0, 314N,  934W,  40, 1005, TS,  34, NEQ,    0,  150,    0,    0, 1010,  180, 140,  50,   0,   L,   0,    ,   0,   0,      BARRY, M, 12, NEQ,    0,  150,    0,    0, genesis-num, 005, 
AL, 02, 2019071418,   , BEST,   0, 324N,  936W,  35, 1007, TS,  34, NEQ,    0,  165,    0,    0, 1011,  180, 150,  45,   0,   L,   0,    ,   0,   0,      BARRY, M, 12, NEQ,    0,  150,    0,    0, genesis-num, 005, 
