AL, 04, 2019082018,   , BEST,   0, 401N,  597W,  30, 1008, TD,   0,    ,    0,    0,    0,    0, 1014,  120,  40,   0,   0,   L,   0,    ,   0,   0,     INVEST, M,  0,    ,    0,    0,    0,    0, genesis-num, 012, 
AL, 04, 2019082100,   , BEST,   0, 403N,  571W,  35, 1007, TS,  34, NEQ,    0,   40,   40,    0, 1014,  120,  40,   0,   0,   L,   0,    ,   0,   0,    CHANTAL, M,  0,    ,    0,    0,    0,    0, genesis-num, 012, TRANSITIONED, alA72019 to al042019, 
AL, 04, 2019082106,   , BEST,   0, 403N,  548W,  35, 1007, TS,  34, NEQ,    0,   50,   50,    0, 1014,  120,  40,  45,   0,   L,   0,    ,   0,   0,    CHANTAL, M,  0,    ,    0,    0,    0,    0, genesis-num, 012, 
AL, 04, 2019082112,   , BEST,   0, 401N,  525W,  35, 1007, TS,  34, NEQ,    0,   50,   50,    0, 1016,  120,  40,  45,   0,   L,   0,    ,   0,   0,    CHANTAL, M, 12, NEQ,    0,   60,   60,    0, genesis-num, 012, 
AL, 04, 2019082118,   , BEST,   0, 399N,  503W,  35, 1007, TS,  34, NEQ,    0,   50,   50,    0, 1016,  120,  40,  45,   0,   L,   0,    ,   0,   0,    CHANTAL, M, 12, NEQ,    0,   60,   60,    0, genesis-num, 012, 
AL, 04, 2019082200,   , BEST,   0, 396N,  483W,  30, 1007, TD,   0,    ,    0,    0,    0,    0, 1016,  120,  40,  40,   0,   L,   0,    ,   0,   0,    CHANTAL, M,  0,    ,    0,    0,    0,    0, genesis-num, 012, 
AL, 04, 2019082206,   , BEST,   0, 393N,  463W,  30, 1007, TD,   0,    ,    0,    0,    0,    0, 1018,  120,  40,  40,   0,   L,   0,    ,   0,   0,    CHANTAL, M,  0,    ,    0,    0,    0,    0, genesis-num, 012, 
AL, 04, 2019082212,   , BEST,   0, 389N,  444W,  30, 1007, TD,   0,    ,    0,    0,    0,    0, 1018,  120,  40,  40,   0,   L,   0,    ,   0,   0,    CHANTAL, M, 12, NEQ,    0,   70,   70,    0, genesis-num, 012, 
AL, 04, 2019082218,   , BEST,   0, 385N,  429W,  30, 1007, TD,   0,    ,    0,    0,    0,    0, 1018,  120,  40,  40,   0,   L,   0,    ,   0,   0,    CHANTAL, M, 12, NEQ,    0,   70,   70,    0, genesis-num, 012, 
AL, 04, 2019082300,   , BEST,   0, 380N,  418W,  30, 1007, TD,   0,    ,    0,    0,    0,    0, 1018,  120,  40,  40,   0,   L,   0,    ,   0,   0,    CHANTAL, M,  0,    ,    0,    0,    0,    0, genesis-num, 012, 
AL, 04, 2019082306,   , BEST,   0, 375N,  412W,  25, 1009, TD,   0,    ,    0,    0,    0,    0, 1019,  100,  40,  35,   0,   L,   0,    ,   0,   0,    CHANTAL, S,  0,    ,    0,    0,    0,    0, genesis-num, 012, 
AL, 04, 2019082312,   , BEST,   0, 369N,  409W,  25, 1011, TD,   0,    ,    0,    0,    0,    0, 1020,  120,  40,  35,   0,   L,   0,    ,   0,   0,    CHANTAL, S,  0,    ,    0,    0,    0,    0, genesis-num, 012, 
AL, 04, 2019082318,   , BEST,   0, 363N,  408W,  25, 1012, LO,   0,    ,    0,    0,    0,    0, 1020,  120,  50,  35,   0,   L,   0,    ,   0,   0,    CHANTAL, S,  0,    ,    0,    0,    0,    0, genesis-num, 012, 
AL, 04, 2019082400,   , BEST,   0, 357N,  409W,  25, 1013, LO,   0,    ,    0,    0,    0,    0, 1020,  120,  50,  35,   0,   L,   0,    ,   0,   0,    CHANTAL, S,  0,    ,    0,    0,    0,    0, genesis-num, 012, 
AL, 04, 2019082406,   , BEST,   0, 353N,  412W,  25, 1013, LO,   0,    ,    0,    0,    0,    0, 1020,  120,  50,   0,   0,    ,   0,    ,   0,   0,    CHANTAL,  ,  0,    ,    0,    0,    0,    0, genesis-num, 012, 
AL, 04, 2019082412,   , BEST,   0, 351N,  418W,  25, 1013, LO,   0,    ,    0,    0,    0,    0, 1020,  120,  50,   0,   0,    ,   0,    ,   0,   0,    CHANTAL,  ,  0,    ,    0,    0,    0,    0, genesis-num, 012, 
AL, 04, 2019082418,   , BEST,   0, 350N,  425W,  25, 1013, LO,   0,    ,    0,    0,    0,    0, 1020,  120,  50,   0,   0,    ,   0,    ,   0,   0,    CHANTAL,  ,  0,    ,    0,    0,    0,    0, genesis-num, 012, 
AL, 04, 2019082500,   , BEST,   0, 351N,  432W,  20, 1014, LO,   0,    ,    0,    0,    0,    0, 1020,  120,  50,   0,   0,    ,   0,    ,   0,   0,    CHANTAL,  ,  0,    ,    0,    0,    0,    0, genesis-num, 012, 
AL, 04, 2019082506,   , BEST,   0, 355N,  436W,  20, 1014, LO,   0,    ,    0,    0,    0,    0, 1020,  120,  50,   0,   0,    ,   0,    ,   0,   0,    CHANTAL,  ,  0,    ,    0,    0,    0,    0, genesis-num, 012, 
AL, 04, 2019082512,   , BEST,   0, 359N,  439W,  20, 1014, LO,   0,    ,    0,    0,    0,    0, 1020,  120,  50,   0,   0,    ,   0,    ,   0,   0,    CHANTAL,  ,  0,    ,    0,    0,    0,    0, genesis-num, 012, 
AL, 04, 2019082518,   , BEST,   0, 361N,  441W,  15, 1014, LO,   0,    ,    0,    0,    0,    0, 1020,  120,  50,   0,   0,    ,   0,    ,   0,   0,    CHANTAL,  ,  0,    ,    0,    0,    0,    0, genesis-num, 012, 
AL, 04, 2019082600,   , BEST,   0, 362N,  444W,  15, 1014, LO,   0,    ,    0,    0,    0,    0, 1020,  120,  50,   0,   0,    ,   0,    ,   0,   0,    CHANTAL,  ,  0,    ,    0,    0,    0,    0, genesis-num, 012, 
AL, 04, 2019082606,   , BEST,   0, 362N,  448W,  15, 1014, LO,   0,    ,    0,    0,    0,    0, 1020,  120,  50,   0,   0,    ,   0,    ,   0,   0,    CHANTAL,  ,  0,    ,    0,    0,    0,    0, genesis-num, 012, 
AL, 04, 2019082612,   , BEST,   0, 364N,  450W,  15, 1014, LO,   0,    ,    0,    0,    0,    0, 1020,  120,  50,   0,   0,    ,   0,    ,   0,   0,    CHANTAL,  ,  0,    ,    0,    0,    0,    0, genesis-num, 012, 
AL, 04, 2019082618,   , BEST,   0, 365N,  448W,  15, 1014, LO,   0,    ,    0,    0,    0,    0, 1020,  120,  50,   0,   0,    ,   0,    ,   0,   0,    CHANTAL,  ,  0,    ,    0,    0,    0,    0, genesis-num, 012, 
