32	
11          	1         
12          	1         
21          	1         
22          	1         
23          	1         
24          	1         
31          	1         
32          	1         
41          	0         
42          	0         
43          	0         
51          	1         
52          	1         
71          	1         
72          	1         
73          	1         
74          	1         
81          	1         
82          	1         
90          	0         
91          	0         
92          	0         
93          	0         
94          	1         
95          	1         
96          	1         
97          	1         
98          	1         
99          	1         
127         	1         
-9999       	1         
0              1
255            1
