32	
11          	0.02        
12          	0.01        
21          	0.02        
22          	0.05        
23          	0.1         
24          	0.15        
31          	0.09        
32          	0.04        
41          	0.1         
42          	0.11        
43          	0.1         
51          	0.04        
52          	0.05        
71          	0.034       
72          	0.03        
73          	0.027       
74          	0.025       
81          	0.033       
82          	0.037       
90          	0.1         
91          	0.1         
92          	0.048       
93          	0.1         
94          	0.048       
95          	0.045       
96          	0.045       
97          	0.045       
98          	0.015       
99          	0.015       
127         	0.02        
-9999       	0.02        
0              0.02
255            0.02
