17 = Number of land boundaries
280 = Total number of land boundary nodes
28 10 = Number of nodes for land boundary 1
218427
218707
218999
219294
219598
219597
219596
219290
219289
219000
218991
218701
218700
218698
218697
218416
218162
218158
218157
217912
217679
217677
217453
217447
217228
217226
217017
216837
24 10 = Number of nodes for land boundary 2
201087
201101
201115
201130
201143
201156
201169
201182
201195
201209
201222
201234
201247
201258
201270
201271
201272
201273
201274
201264
201254
201255
201245
201246
24 10 = Number of nodes for land boundary 3
201087
201073
201059
201045
201031
201017
201003
200988
200974
200960
200947
200935
200922
200923
200916
200913
200912
200900
200909
200910
200897
200902
200903
200904
10 10 = Number of nodes for land boundary 4
202429
202440
202451
202454
202455
202456
202467
202478
202489
202490
30 10 = Number of nodes for land boundary 5
199985
200022
200054
200055
200059
200094
200129
200162
200163
200197
200198
200199
200200
200201
200202
200203
200235
200267
200268
200269
200299
200304
200303
200329
200331
200330
200334
200335
200336
200337
16 10 = Number of nodes for land boundary 6
188717
188716
188715
188714
188713
188712
188711
188710
188709
188707
188706
188689
188686
188685
188684
188682
16 10 = Number of nodes for land boundary 7
177124
177139
177152
177167
177182
177181
177180
177179
177183
177195
177211
177210
177224
177223
177225
177243
13 10 = Number of nodes for land boundary 8
177095
177094
177099
177098
177097
177103
177104
177105
177113
177114
177125
177126
177127
10 10 = Number of nodes for land boundary 9
308671
308672
309166
309501
309503
309580
309582
309593
309594
309595
12 10 = Number of nodes for land boundary 10
210165
210164
210166
210168
210179
210181
210182
210183
210184
210185
210198
210211
12 10 = Number of nodes for land boundary 11
205254
205240
205227
205214
205201
205188
205174
205159
205144
205129
205114
205099
10 10 = Number of nodes for land boundary 12
1339142
1339141
1339144
1339145
1339155
1339158
1339159
1339149
1339150
1339151
14 10 = Number of nodes for land boundary 13
181600
181599
181597
181560
181558
181556
181517
181515
181508
181468
181423
181385
181346
181306
19 10 = Number of nodes for land boundary 14
238007
238813
239598
240349
240348
239601
238816
238808
239594
239593
238804
238803
238013
237183
237182
236322
235477
234630
234631
22 10 = Number of nodes for land boundary 15
219598
219597
219596
219290
219289
219000
218991
218701
218700
218698
218697
218416
218162
218158
218157
217912
217679
217677
217453
217447
217228
217226
10 10 = Number of nodes for land boundary 16
201394
201395
201396
201397
201398
201399
201400
201393
201392
201391
10 10 = Number of nodes for land boundary 17
200771
200772
200773
200784
200790
200799
200807
200808
200815
200816
