13 52
-91.194123000000005  30.422156000000001   9.696529200000001
-91.194956000000005  30.422606999999999  11.310921000000000
-91.195746999999997  30.423112000000000  13.024537000000000
-91.196505000000002  30.423653000000002  13.949501000000000
-91.197271000000001  30.424185999999999  14.816784000000000
-91.198069000000004  30.424682000000001  15.282565000000000
-91.198876999999996  30.425166000000001  14.732456000000001
-91.199691000000001  30.425642000000000  13.202392000000000
-91.200515999999993  30.426105000000000   9.665462500000000
-91.201342999999994  30.426563999999999   7.053934200000000
-91.202188000000007  30.426998000000001   3.878295200000000
-91.203045000000003  30.427413999999999   2.872229000000000
-91.203899000000007  30.427835000000002   2.621030800000000
7 52
-91.616257000000004  30.771792999999999  -8.000000000000000
-91.617351999999997  30.773465000000002  -8.000000000000000
-91.618498000000002  30.775107999999999  -8.000000000000000
-91.619626999999994  30.776762000000002  -8.000000000000000
-91.620692000000005  30.778458000000001  -8.000000000000000
-91.621756000000005  30.780155000000001  -8.000000000000000
-91.622833000000000  30.781844000000000  -8.000000000000000
22 52
-91.794707000000002  30.979514000000002   5.000000000000000
-91.795317999999995  30.979537000000001   5.333333900000000
-91.795929000000001  30.979559999999999   5.822140000000000
-91.796539999999993  30.979583999999999   6.121120000000000
-91.797150999999999  30.979607000000001   6.528852900000000
-91.797760999999994  30.979631000000001   7.000000000000000
-91.798372000000001  30.979654000000000   7.000000000000000
-91.798983000000007  30.979676999999999   7.000000000000000
-91.799593999999999  30.979700999999999   7.022261000000000
-91.800205000000005  30.979724000000001   7.138531000000000
-91.800815000000000  30.979747000000000   7.219115900000000
-91.801426000000006  30.979771000000000   7.224782000000000
-91.802036999999999  30.979793999999998   7.224931800000000
-91.802648000000005  30.979818000000002   7.224903000000000
-91.803258999999997  30.979841000000000   7.224916900000000
-91.803870000000003  30.979863999999999   7.199943000000000
-91.804479999999998  30.979887999999999   7.074910000000000
-91.805091000000004  30.979911000000001   7.000000000000000
-91.805701999999997  30.979934000000000   7.000000000000000
-91.806313000000003  30.979958000000000   6.708179000000000
-91.806923999999995  30.979980999999999   6.144857000000000
-91.807534000000004  30.980004000000001   5.666666000000000
