5
-93.892285 29.661795
-93.862823 29.635677
-93.846510 29.620788
-93.832388 29.609804
-93.817292 29.596136
-93.786782 29.569849
-93.765393 29.550031
-93.735254 29.523066
-93.705612 29.501695
-93.877623 29.647951
-93.683691 29.486521
-93.664901 29.476580
-93.641415 29.463500
-93.598094 29.435769
-93.567300 29.417980
-93.535463 29.399667
-93.497884 29.383970
-93.461871 29.369320
-93.427962 29.364562
-93.387015 29.354897
-93.340056 29.348074
-93.302626 29.344663
-93.254873 29.340683
-93.201109 29.338978
-93.147685 29.341252
-93.103562 29.344095
-93.043673 29.348643
-93.002272 29.357171
-92.965408 29.365130
-92.934199 29.370568
-92.898201 29.381607
-92.863438 29.390715
-92.829410 29.401517
-92.806224 29.407029
-92.771562 29.420847
-92.743773 29.436766
-92.722789 29.447568
-92.699402 29.461338
-92.685934 29.469408
-92.671574 29.477456
-92.659020 29.483965
-92.648198 29.490785
-92.637118 29.496601
-92.624081 29.504113
-92.611094 29.510932
-92.596129 29.519611
-92.578505 29.529220
-92.564220 29.537279
-92.553089 29.543479
-92.540102 29.549678
-92.522787 29.559287
-92.512583 29.566416
-93.899589 29.676928
