 Quarter Annular Grid - Example 1           ! ALPHANUMERIC DESCRIPTOR FOR GRID FILE                   
 96  63                                     ! NE,NP - NUMBER OF ELEMENTS AND NUMBER OF NODAL POINTS   
    1     60960.0         0.0    3.0480     ! NODE NO., X, Y, DEPTH
    2     76200.0         0.0    4.7625
    3     91440.0         0.0    6.8580
    4    106680.0         0.0    9.3345
    5    121920.0         0.0   12.1920
    6    137160.0         0.0   15.4305
    7    152400.0         0.0   19.0500
    8     59788.7     11892.7    3.0480
    9     74735.7     14866.0    4.7625
   10     89683.1     17839.0    6.8580
   11    104630.2     20812.4    9.3345
   12    119577.3     23785.4   12.1920
   13    134524.4     26758.7   15.4305
   14    149471.8     29731.7   19.0500
   15     56319.7     23328.5    3.0480
   16     70399.7     29160.5    4.7625
   17     84479.6     34992.6    6.8580
   18     98559.5     40824.6    9.3345
   19    112639.5     46656.7   12.1920
   20    126719.4     52489.0   15.4305
   21    140799.3     58321.0   19.0500
   22     50686.4     33867.5    3.0480
   23     63357.9     42334.6    4.7625
   24     76029.6     50801.3    6.8580
   25     88701.1     59268.4    9.3345
   26    101372.8     67735.1   12.1920
   27    114044.3     76202.1   15.4305
   28    126716.0     84668.9   19.0500
   29     43105.1     43105.1    3.0480
   30     53881.6     53881.6    4.7625
   31     64657.8     64657.8    6.8580
   32     75434.0     75434.0    9.3345
   33     86210.5     86210.5   12.1920
   34     96986.7     96986.7   15.4305
   35    107763.0    107763.0   19.0500
   36     33867.5     50686.4    3.0480
   37     42334.6     63357.9    4.7625
   38     50801.3     76029.6    6.8580
   39     59268.4     88701.1    9.3345
   40     67735.1    101372.8   12.1920
   41     76202.1    114044.3   15.4305
   42     84668.9    126716.0   19.0500
   43     23328.5     56319.7    3.0480
   44     29160.5     70399.7    4.7625
   45     34992.6     84479.6    6.8580
   46     40824.6     98559.5    9.3345
   47     46656.7    112639.5   12.1920
   48     52489.0    126719.4   15.4305
   49     58321.0    140799.3   19.0500
   50     11892.7     59788.7    3.0480
   51     14866.0     74735.7    4.7625
   52     17839.0     89683.1    6.8580
   53     20812.4    104630.2    9.3345
   54     23785.4    119577.3   12.1920
   55     26758.7    134524.4   15.4305
   56     29731.7    149471.8   19.0500
   57         0.0     60960.0    3.0480
   58         0.0     76200.0    4.7625
   59         0.0     91440.0    6.8580
   60         0.0    106680.0    9.3345
   61         0.0    121920.0   12.1920
   62         0.0    137160.0   15.4305
   63         0.0    152400.0   19.0500     
1 3 1 2 8                                   ! ELEMENT NUMBER, ELEM. TYPE (=3), NODAL CONNECTIVITY FOR ELEMENT
2 3 8 2 9    
3 3 9 2 10   
4 3 2 3 10   
5 3 10 3 4   
6 3 10 4 11  
7 3 11 4 12  
8 3 4 5 12   
9 3 5 6 12   
10 3 6 13 12 
11 3  13 6 14
12 3 6 7 14  
13 3 15 8 16 
14 3 8 9 16  
15 3 16 9 10 
16 3 16 10 17
17 3 17 10 18
18 3 10 11 18
19 3 18 11 12
20 3 18 12 19
21 3 19 12 20
22 3 12 13 20
23 3 20 13 14
24 3 20 14 21
25 3 22 15 16
26 3 22 16 23
27 3 23 16 24
28 3 16 17 24
29 3 24 17 18
30 3 24 18 25
31 3 25 18 26
32 3 18 19 26
33 3 26 19 20
34 3 26 20 27
35 3 27 20 28
36 3 20 21 28
37 3 29 22 30
38 3 22 23 30
39 3 30 23 24
40 3 30 24 31
41 3 31 24 32
42 3 24 25 32
43 3 32 25 26
44 3 32 26 33
45 3 33 26 34
46 3 26 27 34
47 3 34 27 28
48 3 34 28 35
49 3 36 29 30
50 3 36 30 37
51 3 37 30 38
52 3 30 31 38
53 3 38 31 32
54 3 38 32 39
55 3 39 32 40
56 3 32 33 40
57 3 33 34 40
58 3 40 34 41
59 3 41 34 42
60 3 34 35 42
61 3 43 36 44
62 3 36 37 44
63 3 44 37 38
64 3 44 38 45
65 3 45 38 46
66 3 38 39 46
67 3 39 40 46
68 3 46 40 47
69 3 47 40 48
70 3 40 41 48
71 3 41 42 48
72 3 48 42 49
73 3 50 43 44
74 3 50 44 51
75 3 51 44 52
76 3 44 45 52
77 3 45 46 52
78 3 52 46 53
79 3 53 46 54
80 3 46 47 54
81 3 54 47 48
82 3 54 48 55
83 3 55 48 56
84 3 48 49 56
85 3 57 50 58
86 3 50 51 58
87 3 58 51 52
88 3 58 52 59
89 3 59 52 60
90 3 52 53 60
91 3 60 53 54
92 3 60 54 61
93 3 61 54 62
94 3 54 55 62
95 3 62 55 56
96 3 62 56 63
 1                    ! NOPE - TOTAL NUMBER OF OPEN BOUNDARY FORCING SEGMENTS
 9                    ! NETA - TOTAL NUMBER OF OPEN BOUNDARY FORCING NODES
 9                    ! NUMBER OF NODES ON OPEN BOUNDARY FORCING SEGMENT 1
  7                   ! BEGINNING NODE NUMBER ON OPEN BOUNDARY 1
 14  
 21  
 28  
 35  
 42  
 49  
 56  
 63                   ! ENDING NODE NUMBER ON OPEN BOUNDARY 1
 1                    ! NBOU - TOTAL NUMBER OF LAND BOUNDARY SEGMENTS INCLUDING ISLAND SEGMENTS
 21                   ! NVEL - TOTAL NUMBER OF LAND BOUNDARY NODES
 21 0                 ! NUMBER OF NODES IN LAND BOUNDARY NO. 1 AND BOUNDARY TYPE (MAINLAND)
 63                   ! BEGINNING NODE NUMBER OF LAND BOUNDARY NO. 1 
 62
 61
 60
 59
 58
 57
 50
 43
 36 
 29
 22
 15
  8
  1
  2
  3
  4
  5
  6
  7                   ! END NODE NUMBER OF BOUNDARY 1
