32
11          	0.001      
12          	0.012      
21          	0.1        
22          	0.3        
23          	0.4        
24          	0.55       
31          	0.04       
32          	0.09       
41          	0.65       
42          	0.72       
43          	0.71       
51          	0.1        
52          	0.12       
71          	0.04       
72          	0.03       
73          	0.025      
74          	0.02       
81          	0.06       
82          	0.06       
90          	0.55       
91          	0.55       
92          	0.12       
93          	0.55       
94          	0.12       
95          	0.11       
96          	0.11       
97          	0.11       
98          	0.03       
99          	0.03       
127         	-9999      
-9999       	-9999      
0              -9999
255            -9999
