AL, 11, 2017090815,   , OFCL,   0, 220N,  753W, 130,  927,   ,  34, NEQ,  160,  120,   80,  150, 1013,    0,   0, 160,   0,    ,   0, TBK, 285,  12,      IRMA ,  , 12, NEQ,  60,  60,   0,   0
AL, 11, 2017090815,   , OFCL,   0, 220N,  753W, 130,  927,   ,  50, NEQ,  100,   90,   50,   80, 1013,    0,   0, 160,   0,    ,   0, TBK, 285,  12,      IRMA ,  , 12, NEQ,  60,  60,   0,   0
AL, 11, 2017090815,   , OFCL,   0, 220N,  753W, 130,  927,   ,  64, NEQ,   60,   45,   35,   55, 1013,    0,   0, 160,   0,    ,   0, TBK, 285,  12,      IRMA ,  , 12, NEQ,  60,  60,   0,   0
AL, 11, 2017090900,   , OFCL,   9, 224N,  771W, 130,  927,   ,  34, NEQ,  170,  120,   90,  150, 1013,    0,   0, 160,   0,    ,   0, TBK,  65,  17,      IRMA ,  , 12, NEQ,  60,  60,   0,   0
AL, 11, 2017090900,   , OFCL,   9, 224N,  771W, 130,  927,   ,  50, NEQ,  100,   70,   50,   80, 1013,    0,   0, 160,   0,    ,   0, TBK,  65,  17,      IRMA ,  , 12, NEQ,  60,  60,   0,   0
AL, 11, 2017090900,   , OFCL,   9, 224N,  771W, 130,  927,   ,  64, NEQ,   60,   50,   35,   50, 1013,    0,   0, 160,   0,    ,   0, TBK,  65,  17,      IRMA ,  , 12, NEQ,  60,  60,   0,   0
AL, 11, 2017090912,   , OFCL,  21, 228N,  790W, 130,  927,   ,  34, NEQ,  170,  130,   90,  150, 1013,    0,   0, 160,   0,    ,   0, TBK,  65,  17,      IRMA ,  , 12, NEQ,  60,  60,   0,   0
AL, 11, 2017090912,   , OFCL,  21, 228N,  790W, 130,  927,   ,  50, NEQ,  100,   80,   60,   90, 1013,    0,   0, 160,   0,    ,   0, TBK,  65,  17,      IRMA ,  , 12, NEQ,  60,  60,   0,   0
AL, 11, 2017090912,   , OFCL,  21, 228N,  790W, 130,  927,   ,  64, NEQ,   60,   50,   35,   50, 1013,    0,   0, 160,   0,    ,   0, TBK,  65,  17,      IRMA ,  , 12, NEQ,  60,  60,   0,   0
AL, 11, 2017091000,   , OFCL,  33, 237N,  803W, 130,  927,   ,  34, NEQ,  170,  140,  110,  160, 1013,    0,   0, 160,   0,    ,   0, TBK,  65,  17,      IRMA ,  , 12, NEQ,  60,  60,   0,   0
AL, 11, 2017091000,   , OFCL,  33, 237N,  803W, 130,  927,   ,  50, NEQ,  110,   90,   60,   90, 1013,    0,   0, 160,   0,    ,   0, TBK,  65,  17,      IRMA ,  , 12, NEQ,  60,  60,   0,   0
AL, 11, 2017091000,   , OFCL,  33, 237N,  803W, 130,  927,   ,  64, NEQ,   60,   50,   40,   50, 1013,    0,   0, 160,   0,    ,   0, TBK,  65,  17,      IRMA ,  , 12, NEQ,  60,  60,   0,   0
AL, 11, 2017091012,   , OFCL,  45, 250N,  810W, 125,  930,   ,  34, NEQ,  190,  170,  130,  190, 1013,    0,   0, 150,   0,    ,   0, TBK,  65,  17,      IRMA ,  , 12, NEQ,  60,  60,   0,   0
AL, 11, 2017091012,   , OFCL,  45, 250N,  810W, 125,  930,   ,  50, NEQ,  110,   90,   70,   90, 1013,    0,   0, 150,   0,    ,   0, TBK,  65,  17,      IRMA ,  , 12, NEQ,  60,  60,   0,   0
AL, 11, 2017091112,   , OFCL,  69, 293N,  823W,  65,  957,   ,  34, NEQ,  250,  210,  160,  200, 1013,    0,   0,  80,   0,    ,   0, TBK,  65,  17,      IRMA ,  , 12, NEQ,  60,  60,   0,   0
AL, 11, 2017091112,   , OFCL,  69, 293N,  823W,  65,  957,   ,  50, NEQ,  130,  110,   80,  100, 1013,    0,   0,  80,   0,    ,   0, TBK,  65,  17,      IRMA ,  , 12, NEQ,  60,  60,   0,   0
AL, 11, 2017091212,   , OFCL,  93, 340N,  850W,  30,  957,   ,  34, NEQ,    0,    0,    0,    0, 1013,    0,   0,  40,   0,    ,   0, TBK,  65,  17,      IRMA ,  , 12, NEQ,  60,  60,   0,   0
AL, 11, 2017091312,   , OFCL, 117, 360N,  870W,  25,  957,   ,  34, NEQ,    0,    0,    0,    0, 1013,    0,   0,  35,   0,    ,   0, TBK,  65,  17,      IRMA ,  , 12, NEQ,  60,  60,   0,   0
