AL, 13, 2020082400,   , BEST,   0, 198N,  760W,  55, 1000, TS,  34, NEQ,  120,  120,    0,   40, 1013,  150,  25,  60,   0,   L,   0,    ,   0,   0,      LAURA, M, 12, NEQ,  360,    0,    0,  210, genesis-num, 028, 
AL, 13, 2020082400,   , BEST,   0, 198N,  760W,  55, 1000, TS,  50, NEQ,   40,   40,    0,    0, 1013,  150,  25,  60,   0,   L,   0,    ,   0,   0,      LAURA, M, 12, NEQ,  360,    0,    0,  210, genesis-num, 028, 
AL, 13, 2020082406,   , BEST,   6, 202N,  778W,  50, 1000, TS,  34, NEQ,  150,  130,    0,    0, 1013,  150,  25,  65,   0,   L,   0,    ,   0,   0,      LAURA, M, 12, NEQ,  330,    0,    0,    0, genesis-num, 028, 
AL, 13, 2020082406,   , BEST,   6, 202N,  778W,  50, 1000, TS,  50, NEQ,   40,   40,    0,    0, 1013,  150,  25,  65,   0,   L,   0,    ,   0,   0,      LAURA, M, 12, NEQ,  330,    0,    0,    0, genesis-num, 028, 
AL, 13, 2020082409,   , OFCL,   9, 208N,  789W,  55, 1000,   ,  34, NEQ,  150,  150,    0,   30, 1013,    0,   0,  65,   0,    ,   0, TBK, 290,  18,     LAURA ,  , 12, NEQ,  60,  60,   0,   0
AL, 13, 2020082409,   , OFCL,   9, 208N,  789W,  55, 1000,   ,  50, NEQ,   40,   40,    0,    0, 1013,    0,   0,  65,   0,    ,   0, TBK, 290,  18,     LAURA ,  , 12, NEQ,  60,  60,   0,   0
AL, 13, 2020082418,   , OFCL,  18, 219N,  814W,  55, 1000,   ,  34, NEQ,  160,  160,    0,   40, 1013,    0,   0,  65,   0,    ,   0, TBK,  65,  17,     LAURA ,  , 12, NEQ,  60,  60,   0,   0
AL, 13, 2020082418,   , OFCL,  18, 219N,  814W,  55, 1000,   ,  50, NEQ,   40,   40,    0,   20, 1013,    0,   0,  65,   0,    ,   0, TBK,  65,  17,     LAURA ,  , 12, NEQ,  60,  60,   0,   0
AL, 13, 2020082506,   , OFCL,  30, 232N,  844W,  60,  987,   ,  34, NEQ,  160,  160,    0,   60, 1013,    0,   0,  75,   0,    ,   0, TBK,  65,  17,     LAURA ,  , 12, NEQ,  60,  60,   0,   0
AL, 13, 2020082506,   , OFCL,  30, 232N,  844W,  60,  987,   ,  50, NEQ,   40,   40,    0,   20, 1013,    0,   0,  75,   0,    ,   0, TBK,  65,  17,     LAURA ,  , 12, NEQ,  60,  60,   0,   0
AL, 13, 2020082518,   , OFCL,  42, 249N,  873W,  65,  982,   ,  34, NEQ,  150,  150,   40,   80, 1013,    0,   0,  80,   0,    ,   0, TBK,  65,  17,     LAURA ,  , 12, NEQ,  60,  60,   0,   0
AL, 13, 2020082518,   , OFCL,  42, 249N,  873W,  65,  982,   ,  50, NEQ,   50,   40,    0,   30, 1013,    0,   0,  80,   0,    ,   0, TBK,  65,  17,     LAURA ,  , 12, NEQ,  60,  60,   0,   0
AL, 13, 2020082518,   , OFCL,  42, 249N,  873W,  65,  982,   ,  64, NEQ,   15,   15,    0,   15, 1013,    0,   0,  80,   0,    ,   0, TBK,  65,  17,     LAURA ,  , 12, NEQ,  60,  60,   0,   0
AL, 13, 2020082606,   , OFCL,  54, 266N,  898W,  75,  974,   ,  34, NEQ,  140,  140,   40,  100, 1013,    0,   0,  90,   0,    ,   0, TBK,  65,  17,     LAURA ,  , 12, NEQ,  60,  60,   0,   0
AL, 13, 2020082606,   , OFCL,  54, 266N,  898W,  75,  974,   ,  50, NEQ,   50,   40,   20,   30, 1013,    0,   0,  90,   0,    ,   0, TBK,  65,  17,     LAURA ,  , 12, NEQ,  60,  60,   0,   0
AL, 13, 2020082606,   , OFCL,  54, 266N,  898W,  75,  974,   ,  64, NEQ,   20,   15,    0,   15, 1013,    0,   0,  90,   0,    ,   0, TBK,  65,  17,     LAURA ,  , 12, NEQ,  60,  60,   0,   0
AL, 13, 2020082618,   , OFCL,  66, 286N,  917W,  85,  965,   ,  34, NEQ,  140,  140,   40,  100, 1013,    0,   0, 105,   0,    ,   0, TBK,  65,  17,     LAURA ,  , 12, NEQ,  60,  60,   0,   0
AL, 13, 2020082618,   , OFCL,  66, 286N,  917W,  85,  965,   ,  50, NEQ,   60,   50,   30,   40, 1013,    0,   0, 105,   0,    ,   0, TBK,  65,  17,     LAURA ,  , 12, NEQ,  60,  60,   0,   0
AL, 13, 2020082706,   , OFCL,  78, 303N,  923W,  90,  961,   ,  34, NEQ,  140,  140,   50,   80, 1013,    0,   0, 110,   0,    ,   0, TBK,  65,  17,     LAURA ,  , 12, NEQ,  60,  60,   0,   0
AL, 13, 2020082706,   , OFCL,  78, 303N,  923W,  90,  961,   ,  50, NEQ,   60,   50,   30,   50, 1013,    0,   0, 110,   0,    ,   0, TBK,  65,  17,     LAURA ,  , 12, NEQ,  60,  60,   0,   0
AL, 13, 2020082806,   , OFCL, 102, 349N,  900W,  35,  977,   ,  34, NEQ,    0,    0,    0,    0, 1013,    0,   0,  45,   0,    ,   0, TBK,  65,  17,     LAURA ,  , 12, NEQ,  60,  60,   0,   0
AL, 13, 2020082906,   , OFCL, 126, 354N,  815W,  25,  977,   ,  34, NEQ,    0,    0,    0,    0, 1013,    0,   0,  35,   0,    ,   0, TBK,  65,  17,     LAURA ,  , 12, NEQ,  60,  60,   0,   0
