AL, 09, 2016081718,   , BEST,   0, 125N,  194W,  20, 1010, LO,   0,    ,    0,    0,    0,    0,    0,    0,   0,   0,   0,    ,   0,    ,   0,   0, GENESIS015,  ,  0,    ,    0,    0,    0,    0, genesis-num, 015, 
AL, 09, 2016081800,   , BEST,   0, 121N,  211W,  20, 1010, LO,   0,    ,    0,    0,    0,    0,    0,    0,   0,   0,   0,    ,   0,    ,   0,   0, GENESIS015,  ,  0,    ,    0,    0,    0,    0, genesis-num, 015, 
AL, 09, 2016081806,   , BEST,   0, 117N,  227W,  20, 1010, LO,   0,    ,    0,    0,    0,    0,    0,    0,   0,   0,   0,    ,   0,    ,   0,   0, GENESIS015,  ,  0,    ,    0,    0,    0,    0, genesis-num, 015, 
AL, 09, 2016081812,   , BEST,   0, 113N,  242W,  20, 1010, LO,   0,    ,    0,    0,    0,    0,    0,    0,   0,   0,   0,    ,   0,    ,   0,   0, GENESIS015,  ,  0,    ,    0,    0,    0,    0, genesis-num, 015, 
AL, 09, 2016081818,   , BEST,   0, 110N,  256W,  25, 1009, LO,   0,    ,    0,    0,    0,    0, 1012,  120,  50,   0,   0,   L,   0,    ,   0,   0,     INVEST, S,  0,    ,    0,    0,    0,    0, genesis-num, 015, SPAWNINVEST, al772016 to al992016, 
AL, 09, 2016081900,   , BEST,   0, 107N,  271W,  25, 1009, LO,   0,    ,    0,    0,    0,    0, 1012,  120,  50,   0,   0,   L,   0,    ,   0,   0,     INVEST, S,  0,    ,    0,    0,    0,    0, genesis-num, 015, 
AL, 09, 2016081906,   , BEST,   0, 105N,  291W,  25, 1009, LO,   0,    ,    0,    0,    0,    0, 1012,  120,  50,   0,   0,   L,   0,    ,   0,   0,     INVEST, S,  0,    ,    0,    0,    0,    0, genesis-num, 015, 
AL, 09, 2016081912,   , BEST,   0, 105N,  308W,  25, 1009, LO,   0,    ,    0,    0,    0,    0, 1012,  120,  50,   0,   0,   L,   0,    ,   0,   0,     INVEST, S,  0,    ,    0,    0,    0,    0, genesis-num, 015, 
AL, 09, 2016081918,   , BEST,   0, 106N,  324W,  25, 1009, LO,   0,    ,    0,    0,    0,    0, 1012,  120,  50,   0,   0,   L,   0,    ,   0,   0,     INVEST, S,  0,    ,    0,    0,    0,    0, genesis-num, 015, 
AL, 09, 2016082000,   , BEST,   0, 109N,  337W,  25, 1009, LO,   0,    ,    0,    0,    0,    0, 1012,  180,  90,   0,   0,   L,   0,    ,   0,   0,     INVEST, S,  0,    ,    0,    0,    0,    0, genesis-num, 015, 
AL, 09, 2016082006,   , BEST,   0, 112N,  350W,  25, 1009, LO,   0,    ,    0,    0,    0,    0, 1012,  180,  90,   0,   0,   L,   0,    ,   0,   0,     INVEST, S,  0,    ,    0,    0,    0,    0, genesis-num, 015, 
AL, 09, 2016082012,   , BEST,   0, 115N,  364W,  25, 1009, LO,   0,    ,    0,    0,    0,    0, 1011,  150, 100,   0,   0,   L,   0,    ,   0,   0,     INVEST, S,  0,    ,    0,    0,    0,    0, genesis-num, 015, 
AL, 09, 2016082018,   , BEST,   0, 120N,  380W,  25, 1009, LO,   0,    ,    0,    0,    0,    0, 1011,  150,  90,   0,   0,   L,   0,    ,   0,   0,     INVEST, S,  0,    ,    0,    0,    0,    0, genesis-num, 015, 
AL, 09, 2016082100,   , BEST,   0, 126N,  396W,  25, 1009, LO,   0,    ,    0,    0,    0,    0, 1013,  170,  80,   0,   0,   L,   0,    ,   0,   0,     INVEST, S,  0,    ,    0,    0,    0,    0, genesis-num, 015, 
AL, 09, 2016082106,   , BEST,   0, 131N,  414W,  25, 1009, LO,   0,    ,    0,    0,    0,    0, 1013,  160,  60,   0,   0,   L,   0,    ,   0,   0,     INVEST, M,  0,    ,    0,    0,    0,    0, genesis-num, 015, 
AL, 09, 2016082112,   , BEST,   0, 136N,  431W,  20, 1010, LO,   0,    ,    0,    0,    0,    0, 1011,  120,  90,   0,   0,   L,   0,    ,   0,   0,     INVEST, S,  0,    ,    0,    0,    0,    0, genesis-num, 015, 
AL, 09, 2016082118,   , BEST,   0, 140N,  446W,  20, 1010, LO,   0,    ,    0,    0,    0,    0, 1012,  120,  90,   0,   0,   L,   0,    ,   0,   0,     INVEST, S,  0,    ,    0,    0,    0,    0, genesis-num, 015, 
AL, 09, 2016082200,   , BEST,   0, 143N,  462W,  20, 1010, LO,   0,    ,    0,    0,    0,    0, 1013,  180,  90,   0,   0,   L,   0,    ,   0,   0,     INVEST, S,  0,    ,    0,    0,    0,    0, genesis-num, 015, 
AL, 09, 2016082206,   , BEST,   0, 148N,  480W,  20, 1010, LO,   0,    ,    0,    0,    0,    0, 1013,  180,  80,   0,   0,   L,   0,    ,   0,   0,     INVEST, S,  0,    ,    0,    0,    0,    0, genesis-num, 015, 
AL, 09, 2016082212,   , BEST,   0, 152N,  499W,  25, 1011, LO,   0,    ,    0,    0,    0,    0, 1013,  150,  80,   0,   0,   L,   0,    ,   0,   0,     INVEST, S,  0,    ,    0,    0,    0,    0, genesis-num, 015, 
AL, 09, 2016082218,   , BEST,   0, 153N,  516W,  25, 1011, LO,   0,    ,    0,    0,    0,    0, 1013,  150,  80,   0,   0,   L,   0,    ,   0,   0,     INVEST, S,  0,    ,    0,    0,    0,    0, genesis-num, 015, 
AL, 09, 2016082300,   , BEST,   0, 154N,  533W,  25, 1010, LO,   0,    ,    0,    0,    0,    0, 1013,  150,  80,   0,   0,   L,   0,    ,   0,   0,     INVEST, S,  0,    ,    0,    0,    0,    0, genesis-num, 015, 
AL, 09, 2016082306,   , BEST,   0, 155N,  550W,  30, 1009, LO,   0,    ,    0,    0,    0,    0, 1013,  150,  70,  40,   0,   L,   0,    ,   0,   0,     INVEST, M,  0,    ,    0,    0,    0,    0, genesis-num, 015, 
AL, 09, 2016082312,   , BEST,   0, 156N,  567W,  30, 1009, LO,   0,    ,    0,    0,    0,    0, 1013,  150,  70,  40,   0,   L,   0,    ,   0,   0,     INVEST, M,  0,    ,    0,    0,    0,    0, genesis-num, 015, 
AL, 09, 2016082318,   , BEST,   0, 159N,  583W,  30, 1009, LO,   0,    ,    0,    0,    0,    0, 1013,  150,  70,  40,   0,   L,   0,    ,   0,   0,     INVEST, M,  0,    ,    0,    0,    0,    0, genesis-num, 015, 
AL, 09, 2016082400,   , BEST,   0, 163N,  600W,  30, 1009, LO,   0,    ,    0,    0,    0,    0, 1013,  150,  70,  40,   0,   L,   0,    ,   0,   0,     INVEST, M,  0,    ,    0,    0,    0,    0, genesis-num, 015, 
AL, 09, 2016082406,   , BEST,   0, 169N,  617W,  30, 1009, LO,   0,    ,    0,    0,    0,    0, 1013,  150,  50,  40,   0,   L,   0,    ,   0,   0,     INVEST, M,  0,    ,    0,    0,    0,    0, genesis-num, 015, 
AL, 09, 2016082412,   , BEST,   0, 178N,  633W,  35, 1009, LO,  34, NEQ,   80,    0,    0,    0, 1012,  150,  50,  40,   0,   L,   0,    ,   0,   0,     INVEST, M,  0,    ,    0,    0,    0,    0, genesis-num, 015, 
AL, 09, 2016082418,   , BEST,   0, 187N,  652W,  40, 1009, DB,  34, NEQ,  120,    0,    0,    0, 1011,  150,  80,  50,   0,   L,   0,    ,   0,   0,     INVEST, S,  0,    ,    0,    0,    0,    0, genesis-num, 015, 
AL, 09, 2016082500,   , BEST,   0, 199N,  670W,  40, 1009, DB,  34, NEQ,  100,    0,    0,    0, 1011,  120,  80,  50,   0,   L,   0,    ,   0,   0,     INVEST, S,  0,    ,    0,    0,    0,    0, genesis-num, 015, 
AL, 09, 2016082506,   , BEST,   0, 206N,  687W,  40, 1008, DB,  34, NEQ,  100,    0,    0,    0, 1010,  120,  80,  50,   0,   L,   0,    ,   0,   0,     INVEST, S,  0,    ,    0,    0,    0,    0, genesis-num, 015, 
AL, 09, 2016082512,   , BEST,   0, 210N,  706W,  35, 1008, DB,  34, NEQ,   90,    0,    0,    0, 1010,  140,  80,  45,   0,   L,   0,    ,   0,   0,     INVEST, S,  0,    ,    0,    0,    0,    0, genesis-num, 015, 
AL, 09, 2016082518,   , BEST,   0, 214N,  723W,  30, 1008, DB,   0,    ,    0,    0,    0,    0, 1010,  140,  80,  40,   0,   L,   0,    ,   0,   0,     INVEST, S,  0,    ,    0,    0,    0,    0, genesis-num, 015, 
AL, 09, 2016082600,   , BEST,   0, 218N,  731W,  30, 1008, DB,   0,    ,    0,    0,    0,    0, 1010,  120,  80,   0,   0,   L,   0,    ,   0,   0,     INVEST, S,  0,    ,    0,    0,    0,    0, genesis-num, 015, 
AL, 09, 2016082606,   , BEST,   0, 221N,  739W,  25, 1009, DB,   0,    ,    0,    0,    0,    0, 1010,  100,  80,   0,   0,   L,   0,    ,   0,   0,     INVEST, S,  0,    ,    0,    0,    0,    0, genesis-num, 015, 
AL, 09, 2016082612,   , BEST,   0, 224N,  746W,  25, 1009, DB,   0,    ,    0,    0,    0,    0, 1010,  100,  80,   0,   0,   L,   0,    ,   0,   0,     INVEST, S,  0,    ,    0,    0,    0,    0, genesis-num, 015, 
AL, 09, 2016082618,   , BEST,   0, 226N,  752W,  25, 1009, DB,   0,    ,    0,    0,    0,    0, 1010,  100,  80,   0,   0,   L,   0,    ,   0,   0,     INVEST, S,  0,    ,    0,    0,    0,    0, genesis-num, 015, 
AL, 09, 2016082700,   , BEST,   0, 228N,  760W,  25, 1009, DB,   0,    ,    0,    0,    0,    0, 1010,  100,  80,   0,   0,   L,   0,    ,   0,   0,     INVEST, S,  0,    ,    0,    0,    0,    0, genesis-num, 015, 
AL, 09, 2016082706,   , BEST,   0, 231N,  771W,  25, 1009, DB,   0,    ,    0,    0,    0,    0, 1011,  100,  80,   0,   0,   L,   0,    ,   0,   0,     INVEST, S,  0,    ,    0,    0,    0,    0, genesis-num, 015, 
AL, 09, 2016082712,   , BEST,   0, 233N,  779W,  25, 1009, DB,   0,    ,    0,    0,    0,    0, 1011,  100,  80,   0,   0,   L,   0,    ,   0,   0,     INVEST, S,  0,    ,    0,    0,    0,    0, genesis-num, 015, 
AL, 09, 2016082718,   , BEST,   0, 234N,  786W,  25, 1009, DB,   0,    ,    0,    0,    0,    0, 1011,  100,  80,   0,   0,   L,   0,    ,   0,   0,     INVEST, S,  0,    ,    0,    0,    0,    0, genesis-num, 015, 
AL, 09, 2016082800,   , BEST,   0, 235N,  791W,  25, 1008, DB,   0,    ,    0,    0,    0,    0, 1011,  100,  80,   0,   0,   L,   0,    ,   0,   0,     INVEST, S,  0,    ,    0,    0,    0,    0, genesis-num, 015, 
AL, 09, 2016082806,   , BEST,   0, 237N,  797W,  25, 1009, DB,   0,    ,    0,    0,    0,    0, 1010,  100,  80,   0,   0,   L,   0,    ,   0,   0,     INVEST, S,  0,    ,    0,    0,    0,    0, genesis-num, 015, 
AL, 09, 2016082812,   , BEST,   0, 239N,  806W,  25, 1009, DB,   0,    ,    0,    0,    0,    0, 1010,  100,  80,  35,   0,   L,   0,    ,   0,   0,     INVEST, S,  0,    ,    0,    0,    0,    0, genesis-num, 015, 
AL, 09, 2016082818,   , BEST,   0, 238N,  815W,  30, 1009, TD,   0,    ,    0,    0,    0,    0, 1010,  100,  80,  40,   0,   L,   0,    ,   0,   0,       NINE, S,  0,    ,    0,    0,    0,    0, genesis-num, 015, TRANSITIONED, alA92016 to al092016, 
AL, 09, 2016082900,   , BEST,   0, 234N,  823W,  30, 1007, TD,   0,    ,    0,    0,    0,    0, 1011,  120,  50,  40,   0,   L,   0,    ,   0,   0,       NINE, M,  0,    ,    0,    0,    0,    0, genesis-num, 015, 
AL, 09, 2016082906,   , BEST,   0, 234N,  835W,  30, 1007, TD,   0,    ,    0,    0,    0,    0, 1010,  120,  70,  40,   0,   L,   0,    ,   0,   0,       NINE, M,  0,    ,    0,    0,    0,    0, genesis-num, 015, 
AL, 09, 2016082912,   , BEST,   0, 236N,  841W,  30, 1007, TD,   0,    ,    0,    0,    0,    0, 1010,  120,  60,  40,   0,   L,   0,    ,   0,   0,       NINE, M,  0,    ,    0,    0,    0,    0, genesis-num, 015, 
AL, 09, 2016082918,   , BEST,   0, 238N,  846W,  30, 1005, TD,   0,    ,    0,    0,    0,    0, 1010,  120,  40,  40,   0,   L,   0,    ,   0,   0,       NINE, M,  0,    ,    0,    0,    0,    0, genesis-num, 015, 
AL, 09, 2016083000,   , BEST,   0, 238N,  852W,  30, 1005, TD,   0,    ,    0,    0,    0,    0, 1010,  120,  35,  40,   0,   L,   0,    ,   0,   0,       NINE, M,  0,    ,    0,    0,    0,    0, genesis-num, 015, 
AL, 09, 2016083006,   , BEST,   0, 237N,  864W,  30, 1003, TD,   0,    ,    0,    0,    0,    0, 1010,  160,  60,  40,   0,   L,   0,    ,   0,   0,       NINE, M,  0,    ,    0,    0,    0,    0, genesis-num, 015, 
AL, 09, 2016083012,   , BEST,   0, 239N,  868W,  30, 1004, TD,   0,    ,    0,    0,    0,    0, 1009,  150,  60,  40,   0,   L,   0,    ,   0,   0,       NINE, M,  0,    ,    0,    0,    0,    0, genesis-num, 015, 
AL, 09, 2016083018,   , BEST,   0, 242N,  871W,  30, 1005, TD,   0,    ,    0,    0,    0,    0, 1009,  150,  60,  40,   0,   L,   0,    ,   0,   0,       NINE, M,  0,    ,    0,    0,    0,    0, genesis-num, 015, 
AL, 09, 2016083100,   , BEST,   0, 242N,  877W,  30, 1004, TD,   0,    ,    0,    0,    0,    0, 1009,  200,  60,  40,   0,   L,   0,    ,   0,   0,       NINE, M,  0,    ,    0,    0,    0,    0, genesis-num, 015, 
AL, 09, 2016083106,   , BEST,   0, 244N,  880W,  35, 1004, TS,  34, NEQ,   40,   60,    0,    0, 1009,  200,  50,  40,   0,   L,   0,    ,   0,   0,       NINE, M,  0,    ,    0,    0,    0,    0, genesis-num, 015, 
AL, 09, 2016083112,   , BEST,   0, 247N,  879W,  40, 1003, TS,  34, NEQ,   60,  100,    0,    0, 1009,  220,  50,  40,   0,   L,   0,    ,   0,   0,       NINE, M,  0,    ,    0,    0,    0,    0, genesis-num, 015, 
AL, 09, 2016083118,   , BEST,   0, 253N,  878W,  45, 1002, TS,  34, NEQ,  110,  110,   60,    0, 1010,  240,  50,  50,   0,   L,   0,    ,   0,   0,    HERMINE, M,  0,    ,    0,    0,    0,    0, genesis-num, 015, 
AL, 09, 2016090100,   , BEST,   0, 255N,  871W,  50, 1000, TS,  34, NEQ,  110,  110,   90,    0, 1010,  240,  20,  60,   0,   L,   0,    ,   0,   0,    HERMINE, D, 12, NEQ,  120,  120,    0,    0, genesis-num, 015, 
AL, 09, 2016090100,   , BEST,   0, 255N,  871W,  50, 1000, TS,  50, NEQ,   20,   20,    0,    0, 1010,  240,  20,  60,   0,   L,   0,    ,   0,   0,    HERMINE, D, 12, NEQ,  120,  120,    0,    0, genesis-num, 015, 
AL, 09, 2016090106,   , BEST,   0, 260N,  870W,  50,  999, TS,  34, NEQ,  120,  120,   60,    0, 1010,  240,  20,  60,   0,   L,   0,    ,   0,   0,    HERMINE, D, 12, NEQ,  120,  120,   30,    0, genesis-num, 015, 
AL, 09, 2016090106,   , BEST,   0, 260N,  870W,  50,  999, TS,  50, NEQ,   60,   60,    0,    0, 1010,  240,  20,  60,   0,   L,   0,    ,   0,   0,    HERMINE, D, 12, NEQ,  120,  120,   30,    0, genesis-num, 015, 
AL, 09, 2016090112,   , BEST,   0, 270N,  862W,  55,  991, TS,  34, NEQ,  150,  160,   60,   60, 1009,  240,  20,  65,   0,   L,   0,    ,   0,   0,    HERMINE, D, 12, NEQ,  120,  120,   30,    0, genesis-num, 015, 
AL, 09, 2016090112,   , BEST,   0, 270N,  862W,  55,  991, TS,  50, NEQ,  100,  120,   30,   30, 1009,  240,  20,  65,   0,   L,   0,    ,   0,   0,    HERMINE, D, 12, NEQ,  120,  120,   30,    0, genesis-num, 015, 
AL, 09, 2016090118,   , BEST,   0, 280N,  854W,  65,  989, HU,  34, NEQ,  150,  160,   60,   60, 1009,  240,  20,  80,   0,   L,   0,    ,   0,   0,    HERMINE, D, 12, NEQ,  120,  120,   30,    0, genesis-num, 015, 
AL, 09, 2016090118,   , BEST,   0, 280N,  854W,  65,  989, HU,  50, NEQ,  100,  120,   30,   30, 1009,  240,  20,  80,   0,   L,   0,    ,   0,   0,    HERMINE, D, 12, NEQ,  120,  120,   30,    0, genesis-num, 015, 
AL, 09, 2016090118,   , BEST,   0, 280N,  854W,  65,  989, HU,  64, NEQ,   40,   40,    0,    0, 1009,  240,  20,  80,   0,   L,   0,    ,   0,   0,    HERMINE, D, 12, NEQ,  120,  120,   30,    0, genesis-num, 015, 
AL, 09, 2016090200,   , BEST,   0, 291N,  848W,  70,  983, HU,  34, NEQ,  110,  150,   80,   60, 1009,  240,  25,  85,   0,   L,   0,    ,   0,   0,    HERMINE, D, 12, NEQ,  120,  150,   90,   60, genesis-num, 015, 
AL, 09, 2016090200,   , BEST,   0, 291N,  848W,  70,  983, HU,  50, NEQ,   80,  100,   60,   40, 1009,  240,  25,  85,   0,   L,   0,    ,   0,   0,    HERMINE, D, 12, NEQ,  120,  150,   90,   60, genesis-num, 015, 
AL, 09, 2016090200,   , BEST,   0, 291N,  848W,  70,  983, HU,  64, NEQ,   40,   40,   30,    0, 1009,  240,  25,  85,   0,   L,   0,    ,   0,   0,    HERMINE, D, 12, NEQ,  120,  150,   90,   60, genesis-num, 015, 
AL, 09, 2016090206,   , BEST,   0, 302N,  840W,  65,  982, HU,  34, NEQ,  120,  150,   60,   60, 1009,  240,  25,  80,   0,   L,   0,    ,   0,   0,    HERMINE, D, 12, NEQ,   70,  210,  180,   60, genesis-num, 015, 
AL, 09, 2016090206,   , BEST,   0, 302N,  840W,  65,  982, HU,  50, NEQ,   60,  100,   30,   20, 1009,  240,  25,  80,   0,   L,   0,    ,   0,   0,    HERMINE, D, 12, NEQ,   70,  210,  180,   60, genesis-num, 015, 
AL, 09, 2016090206,   , BEST,   0, 302N,  840W,  65,  982, HU,  64, NEQ,   30,   30,    0,    0, 1009,  240,  25,  80,   0,   L,   0,    ,   0,   0,    HERMINE, D, 12, NEQ,   70,  210,  180,   60, genesis-num, 015, 
AL, 09, 2016090212,   , BEST,   0, 314N,  828W,  45,  989, TS,  34, NEQ,  120,  150,   30,   30, 1010,  210,  25,  55,   0,   L,   0,    ,   0,   0,    HERMINE, D, 12, NEQ,    0,    0,  180,    0, genesis-num, 015, 
AL, 09, 2016090218,   , BEST,   0, 325N,  813W,  45,  993, TS,  34, NEQ,  140,  160,   20,   20, 1010,  180,  60,  55,   0,   L,   0,    ,   0,   0,    HERMINE, D, 12, NEQ,    0,    0,  210,    0, genesis-num, 015, 
AL, 09, 2016090300,   , BEST,   0, 337N,  793W,  45,  996, TS,  34, NEQ,  140,  160,    0,    0, 1010,  180,  60,  55,   0,   L,   0,    ,   0,   0,    HERMINE, D, 12, NEQ,    0,  180,    0,    0, genesis-num, 015, 
AL, 09, 2016090306,   , BEST,   0, 350N,  773W,  50,  997, TS,  34, NEQ,  120,  160,    0,    0, 1010,  180,  60,  60,   0,   L,   0,    ,   0,   0,    HERMINE, D, 12, NEQ,    0,  210,    0,    0, genesis-num, 015, 
AL, 09, 2016090306,   , BEST,   0, 350N,  773W,  50,  997, TS,  50, NEQ,    0,  100,    0,    0, 1010,  180,  60,  60,   0,   L,   0,    ,   0,   0,    HERMINE, D, 12, NEQ,    0,  210,    0,    0, genesis-num, 015, 
AL, 09, 2016090312,   , BEST,   0, 358N,  755W,  60,  993, LO,  34, NEQ,  180,  160,   30,  120, 1014,  180,  40,  65,   0,   L,   0,    ,   0,   0,    HERMINE, D, 12, NEQ,    0,  210,    0,    0, genesis-num, 015, 
AL, 09, 2016090312,   , BEST,   0, 358N,  755W,  60,  993, LO,  50, NEQ,   70,   30,    0,   60, 1014,  180,  40,  65,   0,   L,   0,    ,   0,   0,    HERMINE, D, 12, NEQ,    0,  210,    0,    0, genesis-num, 015, 
AL, 09, 2016090318,   , BEST,   0, 360N,  741W,  60,  997, LO,  34, NEQ,  180,  160,  120,  140, 1015,  180,  80,  75,   0,   L,   0,    ,   0,   0,    HERMINE, D, 12, NEQ,  120,  260,  120,    0, genesis-num, 015, 
AL, 09, 2016090318,   , BEST,   0, 360N,  741W,  60,  997, LO,  50, NEQ,   70,   50,   90,   90, 1015,  180,  80,  75,   0,   L,   0,    ,   0,   0,    HERMINE, D, 12, NEQ,  120,  260,  120,    0, genesis-num, 015, 
AL, 09, 2016090400,   , BEST,   0, 363N,  727W,  60,  998, LO,  34, NEQ,  180,  160,  120,  140, 1015,  180,  70,  75,   0,   L,   0,    ,   0,   0,    HERMINE, D,  0,    ,    0,    0,    0,    0, genesis-num, 015, 
AL, 09, 2016090400,   , BEST,   0, 363N,  727W,  60,  998, LO,  50, NEQ,   70,   50,   90,   90, 1015,  180,  70,  75,   0,   L,   0,    ,   0,   0,    HERMINE, D,  0,    ,    0,    0,    0,    0, genesis-num, 015, 
AL, 09, 2016090406,   , BEST,   0, 366N,  713W,  55,  998, LO,  34, NEQ,  180,  180,  170,  150, 1015,  180,  60,  65,   0,   L,   0,    ,   0,   0,    HERMINE, M, 12, NEQ,  180,  310,  100,   90, genesis-num, 015, 
AL, 09, 2016090406,   , BEST,   0, 366N,  713W,  55,  998, LO,  50, NEQ,   90,    0,    0,   70, 1015,  180,  60,  65,   0,   L,   0,    ,   0,   0,    HERMINE, M, 12, NEQ,  180,  310,  100,   90, genesis-num, 015, 
AL, 09, 2016090412,   , BEST,   0, 370N,  700W,  60,  999, LO,  34, NEQ,  180,  180,  170,  150, 1016,  200,  60,  75,   0,   L,   0,    ,   0,   0,    HERMINE, M, 12, NEQ,  180,  310,  100,   90, genesis-num, 015, 
AL, 09, 2016090412,   , BEST,   0, 370N,  700W,  60,  999, LO,  50, NEQ,  160,    0,    0,   70, 1016,  200,  60,  75,   0,   L,   0,    ,   0,   0,    HERMINE, M, 12, NEQ,  180,  310,  100,   90, genesis-num, 015, 
AL, 09, 2016090418,   , BEST,   0, 371N,  691W,  60,  999, LO,  34, NEQ,  200,  180,  170,  200, 1016,  200,  60,  75,   0,   L,   0,    ,   0,   0,    HERMINE, M, 12, NEQ,  210,  280,  300,  210, genesis-num, 015, 
AL, 09, 2016090418,   , BEST,   0, 371N,  691W,  60,  999, LO,  50, NEQ,  160,    0,    0,  100, 1016,  200,  60,  75,   0,   L,   0,    ,   0,   0,    HERMINE, M, 12, NEQ,  210,  280,  300,  210, genesis-num, 015, 
AL, 09, 2016090500,   , BEST,   0, 372N,  684W,  60,  997, LO,  34, NEQ,  200,  150,  150,  200, 1016,  210,  70,  75,   0,   L,   0,    ,   0,   0,    HERMINE, M, 12, NEQ,  230,  280,  300,  240, genesis-num, 015, 
AL, 09, 2016090500,   , BEST,   0, 372N,  684W,  60,  997, LO,  50, NEQ,  140,    0,    0,  140, 1016,  210,  70,  75,   0,   L,   0,    ,   0,   0,    HERMINE, M, 12, NEQ,  230,  280,  300,  240, genesis-num, 015, 
AL, 09, 2016090506,   , BEST,   0, 377N,  683W,  60,  997, LO,  34, NEQ,  200,  150,  150,  200, 1016,  210,  60,  75,   0,   L,   0,    ,   0,   0,    HERMINE, M, 12, NEQ,  240,  300,  280,  240, genesis-num, 015, 
AL, 09, 2016090506,   , BEST,   0, 377N,  683W,  60,  997, LO,  50, NEQ,  140,    0,    0,  140, 1016,  210,  60,  75,   0,   L,   0,    ,   0,   0,    HERMINE, M, 12, NEQ,  240,  300,  280,  240, genesis-num, 015, 
AL, 09, 2016090512,   , BEST,   0, 386N,  685W,  60,  996, LO,  34, NEQ,  200,  150,  150,  200, 1016,  200,  60,  75,   0,   L,   0,    ,   0,   0,    HERMINE, M, 12, NEQ,  280,  300,  280,  240, genesis-num, 015, 
AL, 09, 2016090512,   , BEST,   0, 386N,  685W,  60,  996, LO,  50, NEQ,  140,    0,    0,  140, 1016,  200,  60,  75,   0,   L,   0,    ,   0,   0,    HERMINE, M, 12, NEQ,  280,  300,  280,  240, genesis-num, 015, 
AL, 09, 2016090518,   , BEST,   0, 391N,  692W,  60,  997, LO,  34, NEQ,  200,  150,  150,  180, 1016,  200,  60,  75,   0,   L,   0,    ,   0,   0,    HERMINE, M, 12, NEQ,  300,  360,  360,  240, genesis-num, 015, 
AL, 09, 2016090518,   , BEST,   0, 391N,  692W,  60,  997, LO,  50, NEQ,  140,    0,    0,  140, 1016,  200,  60,  75,   0,   L,   0,    ,   0,   0,    HERMINE, M, 12, NEQ,  300,  360,  360,  240, genesis-num, 015, 
AL, 09, 2016090600,   , BEST,   0, 395N,  703W,  60,  997, LO,  34, NEQ,  150,  150,  150,  150, 1017,  240,  60,  75,   0,   L,   0,    ,   0,   0,    HERMINE, M, 12, NEQ,  360,  360,  360,  150, genesis-num, 015, 
AL, 09, 2016090600,   , BEST,   0, 395N,  703W,  60,  997, LO,  50, NEQ,  100,    0,   60,  100, 1017,  240,  60,  75,   0,   L,   0,    ,   0,   0,    HERMINE, M, 12, NEQ,  360,  360,  360,  150, genesis-num, 015, 
AL, 09, 2016090606,   , BEST,   0, 396N,  713W,  55,  996, LO,  34, NEQ,  120,  120,  120,  120, 1017,  240,  60,  65,   0,   L,   0,    ,   0,   0,    HERMINE, M,  0,    ,    0,    0,    0,    0, genesis-num, 015, 
AL, 09, 2016090606,   , BEST,   0, 396N,  713W,  55,  996, LO,  50, NEQ,   80,    0,    0,   80, 1017,  240,  60,  65,   0,   L,   0,    ,   0,   0,    HERMINE, M,  0,    ,    0,    0,    0,    0, genesis-num, 015, 
AL, 09, 2016090612,   , BEST,   0, 395N,  717W,  50,  997, LO,  34, NEQ,  100,  120,  120,  100, 1017,  240,  60,  60,   0,   L,   0,    ,   0,   0,    HERMINE, M, 12, NEQ,  340,  180,  260,  120, genesis-num, 015, 
AL, 09, 2016090612,   , BEST,   0, 395N,  717W,  50,  997, LO,  50, NEQ,   60,    0,    0,   60, 1017,  240,  60,  60,   0,   L,   0,    ,   0,   0,    HERMINE, M, 12, NEQ,  340,  180,  260,  120, genesis-num, 015, 
